‘T½b. 21.

Singuli gradus Parallelorum Aequatoris , per minutiqs Aequatoris ex-
preffi , quarum valores quoque ‘per‘Hexqpedas Gahsoes et Ρεόο5 Ap-
glicanos ‚ suppofita figura Tenum aphaerxca , :per mensuram hecardxa- η

nam determinati exhffientur. 'v

ᾗ Gradus* Minutsae Aequat. chapedae c’cdes
‘latitudinis' ι ,Galliac Anglicani

   
   
   
   
   
 

 

 

 

 

 

 

 

 

 

 

 

 

 

 

 

 

 

 

 

 

 

 

 

 

 

 

 

 

 

 

 

 

 

 

 

 

 

 

 

 

 

 

 

 

 

 

 

 

 

 

 

 

 

 

 

 

 

 

 

0 ἱ 60‘ 0¹⁴ ⁷ α’( 57060 364734
1 59 59 27 57051 364678-
2 -59 57 48 57025 364531 ..
3 ,59 ,55 4 ( 56983 364234
4 -59 51 14 56921 363846
ς 59 46 18 , 56843 363346
6 59 40 17 56747 362737
7 59 33 10 56635 362015
8 59 24 58 Μ, 56565 36ιιες“ ’
9 59 15 41 56357 360244
10 Ι 59 5 -18 56193 359192
11 58 53 51 56012 358032
12 58 41 20 , 55813 356764
13 58 27 44 55593 35538
14 Ι 58 13 4 55365ἃ 353900
Ι 15 57 57 20 55116 352306
¹⁶ 5⁷ ¹*40 33 Ι 54850 350606,
¹7 57 22 4² 54567 348797
18 57 3 48 54267 346882
19 56 43 52 53951 344863
20 56 22 54 53619 342739]
21 56 0 5³ 53270 3405084
22 55 37 52 52905 338176,
23 55 13 49 52524 335739
24 54 48 46 52127 333201
25 54 22 42 51714 3 05603
26 53 55 39 51285 x327820
27 53 27 37 50841 324980
28 52 58 37 50381 32204-
29 52 23 38 49906 319004
30 51 57 41 49415 15868

 

 

 

 

 

Singu-

